1
1
2
2
3
3
3
4
6
6
8
8
8
8
9
10
11
11
14
14
15
16
17
17
18
18
18
21
23
24
27
27
27
30
31
32
32
32
33
35
35
35
36
38
38
40
41
42
45
47
48
50
50
50
51
51
51
52
53
53
55
55
56
57
57
58
58
58
59
59
60
61
61
61
62
63
63
66
67
68
68
68
68
70
71
71
71
72
72
72
74
76
76
78
78
79
81
81
83
85
85
85
87
88
90
91
93
95
96
96
96
97
97
100
101
101
103
105
106
106
110
110
110
111
115
116
117
117
117
117
118
119
119
121
124
124
125
125
126
126
126
127
130
130
131
131
131
133
133
134
135
138
138
139
139
140
140
140
141
142
143
143
147
148
148
150
151
151
152
153
156
156
157
157
158
158
158
161
161
163
163
164
165
166
167
167
167
167
167
169
169
169
170
170
171
173
175
175
176
178
179
179
179
180
181
182
182
182
185
186
187
188
189
189
191
192
192
194
195
195
195
197
199
201
202
202
203
203
205
206
208
209
209
209
211
211
211
212
212
216
219
220
221
221
222
222
222
224
225
226
231
231
231
232
233
233
233
235
236
237
237
238
238
239
242
244
245
245
248
251
251
252
252
253
254
256
259
259
260
260
262
263
264
265
268
268
270
272
273
273
273
274
274
275
275
275
276
278
279
279
280
280
281
282
284
285
286
286
290
291
291
293
293
294
294
296
300
300
301
302
304
304
305
305
306
306
307
308
309
309
310
310
312
312
314
316
316
318
318
318
320
322
323
323
324
325
326
326
328
328
328
329
329
331
331
334
334
334
334
335
336
337
337
339
341
341
343
343
344
344
347
348
349
349
349
350
351
352
353
353
354
356
356
357
358
358
359
362
362
364
366
366
369
369
369
370
371
372
373
374
374
375
375
375
376
377
379
380
382
383
384
384
385
386
387
388
392
394
394
395
396
397
398
398
400
401
404
405
406
407
407
411
411
412
412
414
414
415
415
416
417
418
418
421
421
421
422
425
426
427
427
429
430
430
430
432
432
435
436
438
441
442
444
445
449
451
452
452
453
456
456
457
457
458
459
459
463
464
465
465
467
467
468
468
468
470
470
470
470
472
474
474
475
476
476
478
480
483
484
486
486
487
488
488
489
489
493
494
496
497
497
499
499
500
501
501
502
503
503
505
507
508
509
511
511
512
515
515
516
516
518
519
520
522
524
524
524
525
526
528
528
528
529
529
530
533
534
535
536
537
537
540
540
542
542
543
543
545
547
548
549
549
550
550
551
552
553
554
555
558
558
559
559
559
559
560
562
562
562
562
563
563
565
569
569
569
570
571
573
574
574
576
578
578
579
580
581
582
582
584
585
586
588
589
593
594
596
596
596
598
600
600
602
602
603
604
604
605
607
607
609
610
613
615
616
617
618
618
620
622
622
624
624
627
629
630
631
631
632
632
632
632
636
637
637
638
639
640
641
642
644
646
647
648
648
649
650
652
653
653
654
657
658
659
660
661
663
665
667
668
669
671
671
671
672
673
674
675
675
676
676
677
677
678
678
678
679
679
680
681
683
683
685
686
686
687
688
690
691
691
694
694
697
698
698
699
700
701
701
702
703
703
706
707
707
707
708
708
709
709
712
713
714
714
714
715
715
716
717
718
718
718
719
719
719
720
720
720
722
723
724
724
727
727
729
730
731
731
732
735
737
738
738
740
741
741
742
743
746
746
748
748
748
748
748
749
749
750
751
752
753
754
757
757
758
759
760
761
761
762
762
764
764
765
766
766
767
767
768
768
769
770
771
773
775
775
776
777
779
780
785
785
786
787
787
788
789
792
795
796
799
801
803
803
804
805
806
806
807
807
808
809
809
810
810
812
812
813
816
816
816
816
817
819
819
822
823
824
825
828
828
830
831
832
836
836
837
838
840
841
842
842
845
846
846
846
847
847
847
850
852
852
852
852
854
854
855
856
857
857
857
857
862
863
863
865
866
867
868
870
872
873
875
875
876
876
876
879
881
883
884
885
886
886
886
887
892
894
897
899
899
901
901
903
905
906
906
907
910
910
912
913
917
918
918
918
918
919
919
921
922
922
923
924
924
924
926
926
926
927
927
929
930
933
934
934
935
935
936
937
942
943
943
943
944
947
947
949
950
952
953
954
955
959
959
959
960
960
962
964
965
965
965
967
967
967
969
971
972
972
973
974
975
976
978
981
981
982
984
985
986
986
986
986
988
989
989
991
992
993
993
993
994
994
995
996
998
998
999
1000
