5
5
6
9
10
13
14
16
17
17
17
24
24
24
24
29
35
38
41
45
48
48
49
50
53
56
56
57
57
59
59
61
61
62
64
65
66
70
72
77
81
83
86
89
91
94
95
96
100
102
102
104
108
111
117
119
120
121
125
125
127
129
129
129
130
130
132
134
134
136
136
138
140
141
145
145
149
150
150
151
153
156
156
163
163
165
166
166
167
170
171
175
181
188
188
189
194
201
203
208
208
210
213
214
214
217
217
218
218
220
220
221
223
223
225
225
226
227
229
229
229
231
231
232
234
237
237
240
242
245
247
254
254
255
261
263
264
269
273
275
277
280
281
283
284
284
285
287
287
288
288
291
300
304
307
308
311
313
317
318
319
320
322
322
330
331
339
341
342
345
347
347
347
351
352
354
355
356
356
357
359
360
362
363
364
372
373
376
376
377
377
379
380
382
385
385
386
389
393
393
394
395
400
402
407
408
408
409
411
413
414
414
419
420
428
432
433
435
436
436
437
437
440
442
443
443
444
447
450
451
454
454
457
458
461
461
463
465
472
474
478
481
484
487
491
492
499
500
505
506
509
509
511
518
520
523
526
527
528
528
531
534
534
535
536
537
538
538
541
543
549
550
557
558
560
561
562
568
568
573
575
577
578
579
583
583
584
584
586
590
591
593
593
597
600
601
601
602
602
606
607
608
609
610
611
613
613
614
619
621
621
621
622
623
623
624
626
626
626
627
627
632
632
640
642
651
654
656
659
661
662
662
662
664
665
666
668
670
672
673
677
679
681
681
683
684
684
684
684
686
688
693
695
696
698
703
706
708
709
715
716
716
717
718
722
724
725
726
729
734
735
741
743
744
746
747
751
752
752
755
755
756
757
764
764
766
766
770
772
772
774
775
776
777
779
780
785
785
785
790
793
794
794
798
800
800
800
803
803
807
807
807
810
813
815
816
824
827
827
828
828
828
830
832
833
841
841
842
845
852
861
861
861
867
867
868
869
871
873
874
876
877
883
883
883
884
884
885
886
887
888
894
895
897
898
901
902
903
907
907
909
913
913
914
916
916
922
928
929
929
929
934
934
937
938
939
941
943
946
947
950
953
955
956
959
959
960
963
970
970
977
980
988
989
993
994
995
996
998
998
